{
 "cells": [
  {
   "cell_type": "markdown",
   "metadata": {},
   "source": [
    "## Joseph Rochelle\n",
    "## DSC 550 Data mining\n",
    "## Exercise 1.2\n"
   ]
  },
  {
   "cell_type": "markdown",
   "metadata": {},
   "source": [
    "**Assignment:** **2D arrays**\n",
    "\n",
    "1. Create an array of size [10,50] and use the random function to fill it with integers between 1 and 500 (inclusive). Load it to a DataFrame.\n",
    "\n",
    "2. Calculate the sum of each row; the sum of each column; and the sum of all entries.\n",
    "\n",
    "3. Determine the minimum; maximum; average; and standard deviation of all entries.\n",
    "\n",
    "4. Sort the DataFrame: by rows, by columns, on row 2, on column 2."
   ]
  },
  {
   "cell_type": "code",
   "execution_count": 1,
   "metadata": {},
   "outputs": [],
   "source": [
    "# Loading Libraries\n",
    "import pandas as pd\n",
    "import random\n",
    "import numpy as np"
   ]
  },
  {
   "cell_type": "code",
   "execution_count": 2,
   "metadata": {},
   "outputs": [],
   "source": [
    "#Setting Decimal point preference\n",
    "np.set_printoptions(precision =2, suppress =True)"
   ]
  },
  {
   "cell_type": "code",
   "execution_count": 15,
   "metadata": {},
   "outputs": [
    {
     "name": "stdout",
     "output_type": "stream",
     "text": [
      "Random Array with 1-50 integers with a shape of 10,50:\n",
      "\n",
      "[[ 32 337 139 374 283 293 420  68 264 373 342 301 499 264 429 203 337 264\n",
      "  164 200 119 200 169 378  63 476  21 191  67 397 215 397 354  54  76 106\n",
      "  186 177  19 444 372 197 150 473 304 381 251 304 135 187]\n",
      " [300 119 434  41 175 301  57 239 214 381 353  48  27 141 280 206 485  13\n",
      "  457 136 494 431 483  49  86 457 496 210 130 308 173   5  74 439 255 450\n",
      "  138  14 306 480 146 114 441 411 202  15 347  49 213  42]\n",
      " [255 273 113  77 133  55 335 117 390 456 394  25  78 104 235 391  94 229\n",
      "   61 127 468  94 421  71  69  38  46   8 132 436 412 437 427  95  95 140\n",
      "   15 476 316 181 336 487  55 492 242 312 285   9 382 101]\n",
      " [448 230 350 375 146 382  95 166 330 346 459 167 188 126 210 134 180 146\n",
      "  355 171 178 338 228 457 411 166 114 187 213 208 268  89 168   2 185 165\n",
      "  329 297  27  44 456 200 154 232 212  82 469 452 328 164]\n",
      " [105  98 335 300 364 329 350 482 166 125 470 282  50  44 253 345 215 214\n",
      "  141  68 117 302 416  40 124  33 434 143  44  39  84 170 223 309 146 138\n",
      "   87 299 227  18  73 159   2 189 206 499 363 196 225  90]\n",
      " [ 65  78 126 297 233 289 231 295 319 490 303 262 318 363 111  19 105 282\n",
      "  148  56   1 209 398 387 157  63 396 176 164  48  72  75 146 278  59 338\n",
      "  302 101  83 431  50 298 229  50  16 204  34 483 213 275]\n",
      " [396  38 306 325 208 479 475  65 493 343 430 276 460 416 171 344 388 466\n",
      "  492 411   5 295 119 296  68  48 212 477 452  36  79 363 283 266 239 249\n",
      "  184  33  16 138  70  88 100 351  63  61 494 483 398  33]\n",
      " [155 232 443 244 246 184 438  74 414  89  54 161 265  81 168 439 257  82\n",
      "  247 148 171  55 287 277  69 474 291 208 398 272 352 365 395  23 379 240\n",
      "   73 270 148 317 171 140 232 348 413 225 429 496  28 266]\n",
      " [ 72  99 233  11 240 373 314 294 284 442 476 105  83 155 383 141  26 232\n",
      "  123 466 337 431 488 246 381 262 270  86 375  98 462 110 233 486 403  37\n",
      "  108  67 391 224  16 201 359 167  32 227 118 342  40 339]\n",
      " [466 157 208 486  73  22 303  53 348 317 462 333 163 174 386 351 378 199\n",
      "  265 293 246 309 497 299 358 426 111 348   1  32 151  52 240 200 373 142\n",
      "  114  75 130 133 350 296 296   3  50 106 358  84  37 209]]\n"
     ]
    }
   ],
   "source": [
    "#Creating an array using randint as mentioned. \n",
    "arr = np.random.randint(1,500,(10,50)) # random numpy array of shape (4,5)\n",
    "print(\"Random Array with 1-50 integers with a shape of 10,50:\") \n",
    "print ()\n",
    "print (arr)"
   ]
  },
  {
   "cell_type": "code",
   "execution_count": 16,
   "metadata": {},
   "outputs": [
    {
     "data": {
      "text/html": [
       "<div>\n",
       "<style scoped>\n",
       "    .dataframe tbody tr th:only-of-type {\n",
       "        vertical-align: middle;\n",
       "    }\n",
       "\n",
       "    .dataframe tbody tr th {\n",
       "        vertical-align: top;\n",
       "    }\n",
       "\n",
       "    .dataframe thead th {\n",
       "        text-align: right;\n",
       "    }\n",
       "</style>\n",
       "<table border=\"1\" class=\"dataframe\">\n",
       "  <thead>\n",
       "    <tr style=\"text-align: right;\">\n",
       "      <th></th>\n",
       "      <th>0</th>\n",
       "      <th>1</th>\n",
       "      <th>2</th>\n",
       "      <th>3</th>\n",
       "      <th>4</th>\n",
       "      <th>5</th>\n",
       "      <th>6</th>\n",
       "      <th>7</th>\n",
       "      <th>8</th>\n",
       "      <th>9</th>\n",
       "      <th>...</th>\n",
       "      <th>40</th>\n",
       "      <th>41</th>\n",
       "      <th>42</th>\n",
       "      <th>43</th>\n",
       "      <th>44</th>\n",
       "      <th>45</th>\n",
       "      <th>46</th>\n",
       "      <th>47</th>\n",
       "      <th>48</th>\n",
       "      <th>49</th>\n",
       "    </tr>\n",
       "  </thead>\n",
       "  <tbody>\n",
       "    <tr>\n",
       "      <td>0</td>\n",
       "      <td>32</td>\n",
       "      <td>337</td>\n",
       "      <td>139</td>\n",
       "      <td>374</td>\n",
       "      <td>283</td>\n",
       "      <td>293</td>\n",
       "      <td>420</td>\n",
       "      <td>68</td>\n",
       "      <td>264</td>\n",
       "      <td>373</td>\n",
       "      <td>...</td>\n",
       "      <td>372</td>\n",
       "      <td>197</td>\n",
       "      <td>150</td>\n",
       "      <td>473</td>\n",
       "      <td>304</td>\n",
       "      <td>381</td>\n",
       "      <td>251</td>\n",
       "      <td>304</td>\n",
       "      <td>135</td>\n",
       "      <td>187</td>\n",
       "    </tr>\n",
       "    <tr>\n",
       "      <td>1</td>\n",
       "      <td>300</td>\n",
       "      <td>119</td>\n",
       "      <td>434</td>\n",
       "      <td>41</td>\n",
       "      <td>175</td>\n",
       "      <td>301</td>\n",
       "      <td>57</td>\n",
       "      <td>239</td>\n",
       "      <td>214</td>\n",
       "      <td>381</td>\n",
       "      <td>...</td>\n",
       "      <td>146</td>\n",
       "      <td>114</td>\n",
       "      <td>441</td>\n",
       "      <td>411</td>\n",
       "      <td>202</td>\n",
       "      <td>15</td>\n",
       "      <td>347</td>\n",
       "      <td>49</td>\n",
       "      <td>213</td>\n",
       "      <td>42</td>\n",
       "    </tr>\n",
       "    <tr>\n",
       "      <td>2</td>\n",
       "      <td>255</td>\n",
       "      <td>273</td>\n",
       "      <td>113</td>\n",
       "      <td>77</td>\n",
       "      <td>133</td>\n",
       "      <td>55</td>\n",
       "      <td>335</td>\n",
       "      <td>117</td>\n",
       "      <td>390</td>\n",
       "      <td>456</td>\n",
       "      <td>...</td>\n",
       "      <td>336</td>\n",
       "      <td>487</td>\n",
       "      <td>55</td>\n",
       "      <td>492</td>\n",
       "      <td>242</td>\n",
       "      <td>312</td>\n",
       "      <td>285</td>\n",
       "      <td>9</td>\n",
       "      <td>382</td>\n",
       "      <td>101</td>\n",
       "    </tr>\n",
       "    <tr>\n",
       "      <td>3</td>\n",
       "      <td>448</td>\n",
       "      <td>230</td>\n",
       "      <td>350</td>\n",
       "      <td>375</td>\n",
       "      <td>146</td>\n",
       "      <td>382</td>\n",
       "      <td>95</td>\n",
       "      <td>166</td>\n",
       "      <td>330</td>\n",
       "      <td>346</td>\n",
       "      <td>...</td>\n",
       "      <td>456</td>\n",
       "      <td>200</td>\n",
       "      <td>154</td>\n",
       "      <td>232</td>\n",
       "      <td>212</td>\n",
       "      <td>82</td>\n",
       "      <td>469</td>\n",
       "      <td>452</td>\n",
       "      <td>328</td>\n",
       "      <td>164</td>\n",
       "    </tr>\n",
       "    <tr>\n",
       "      <td>4</td>\n",
       "      <td>105</td>\n",
       "      <td>98</td>\n",
       "      <td>335</td>\n",
       "      <td>300</td>\n",
       "      <td>364</td>\n",
       "      <td>329</td>\n",
       "      <td>350</td>\n",
       "      <td>482</td>\n",
       "      <td>166</td>\n",
       "      <td>125</td>\n",
       "      <td>...</td>\n",
       "      <td>73</td>\n",
       "      <td>159</td>\n",
       "      <td>2</td>\n",
       "      <td>189</td>\n",
       "      <td>206</td>\n",
       "      <td>499</td>\n",
       "      <td>363</td>\n",
       "      <td>196</td>\n",
       "      <td>225</td>\n",
       "      <td>90</td>\n",
       "    </tr>\n",
       "    <tr>\n",
       "      <td>5</td>\n",
       "      <td>65</td>\n",
       "      <td>78</td>\n",
       "      <td>126</td>\n",
       "      <td>297</td>\n",
       "      <td>233</td>\n",
       "      <td>289</td>\n",
       "      <td>231</td>\n",
       "      <td>295</td>\n",
       "      <td>319</td>\n",
       "      <td>490</td>\n",
       "      <td>...</td>\n",
       "      <td>50</td>\n",
       "      <td>298</td>\n",
       "      <td>229</td>\n",
       "      <td>50</td>\n",
       "      <td>16</td>\n",
       "      <td>204</td>\n",
       "      <td>34</td>\n",
       "      <td>483</td>\n",
       "      <td>213</td>\n",
       "      <td>275</td>\n",
       "    </tr>\n",
       "    <tr>\n",
       "      <td>6</td>\n",
       "      <td>396</td>\n",
       "      <td>38</td>\n",
       "      <td>306</td>\n",
       "      <td>325</td>\n",
       "      <td>208</td>\n",
       "      <td>479</td>\n",
       "      <td>475</td>\n",
       "      <td>65</td>\n",
       "      <td>493</td>\n",
       "      <td>343</td>\n",
       "      <td>...</td>\n",
       "      <td>70</td>\n",
       "      <td>88</td>\n",
       "      <td>100</td>\n",
       "      <td>351</td>\n",
       "      <td>63</td>\n",
       "      <td>61</td>\n",
       "      <td>494</td>\n",
       "      <td>483</td>\n",
       "      <td>398</td>\n",
       "      <td>33</td>\n",
       "    </tr>\n",
       "    <tr>\n",
       "      <td>7</td>\n",
       "      <td>155</td>\n",
       "      <td>232</td>\n",
       "      <td>443</td>\n",
       "      <td>244</td>\n",
       "      <td>246</td>\n",
       "      <td>184</td>\n",
       "      <td>438</td>\n",
       "      <td>74</td>\n",
       "      <td>414</td>\n",
       "      <td>89</td>\n",
       "      <td>...</td>\n",
       "      <td>171</td>\n",
       "      <td>140</td>\n",
       "      <td>232</td>\n",
       "      <td>348</td>\n",
       "      <td>413</td>\n",
       "      <td>225</td>\n",
       "      <td>429</td>\n",
       "      <td>496</td>\n",
       "      <td>28</td>\n",
       "      <td>266</td>\n",
       "    </tr>\n",
       "    <tr>\n",
       "      <td>8</td>\n",
       "      <td>72</td>\n",
       "      <td>99</td>\n",
       "      <td>233</td>\n",
       "      <td>11</td>\n",
       "      <td>240</td>\n",
       "      <td>373</td>\n",
       "      <td>314</td>\n",
       "      <td>294</td>\n",
       "      <td>284</td>\n",
       "      <td>442</td>\n",
       "      <td>...</td>\n",
       "      <td>16</td>\n",
       "      <td>201</td>\n",
       "      <td>359</td>\n",
       "      <td>167</td>\n",
       "      <td>32</td>\n",
       "      <td>227</td>\n",
       "      <td>118</td>\n",
       "      <td>342</td>\n",
       "      <td>40</td>\n",
       "      <td>339</td>\n",
       "    </tr>\n",
       "    <tr>\n",
       "      <td>9</td>\n",
       "      <td>466</td>\n",
       "      <td>157</td>\n",
       "      <td>208</td>\n",
       "      <td>486</td>\n",
       "      <td>73</td>\n",
       "      <td>22</td>\n",
       "      <td>303</td>\n",
       "      <td>53</td>\n",
       "      <td>348</td>\n",
       "      <td>317</td>\n",
       "      <td>...</td>\n",
       "      <td>350</td>\n",
       "      <td>296</td>\n",
       "      <td>296</td>\n",
       "      <td>3</td>\n",
       "      <td>50</td>\n",
       "      <td>106</td>\n",
       "      <td>358</td>\n",
       "      <td>84</td>\n",
       "      <td>37</td>\n",
       "      <td>209</td>\n",
       "    </tr>\n",
       "  </tbody>\n",
       "</table>\n",
       "<p>10 rows × 50 columns</p>\n",
       "</div>"
      ],
      "text/plain": [
       "    0    1    2    3    4    5    6    7    8    9   ...   40   41   42   43  \\\n",
       "0   32  337  139  374  283  293  420   68  264  373  ...  372  197  150  473   \n",
       "1  300  119  434   41  175  301   57  239  214  381  ...  146  114  441  411   \n",
       "2  255  273  113   77  133   55  335  117  390  456  ...  336  487   55  492   \n",
       "3  448  230  350  375  146  382   95  166  330  346  ...  456  200  154  232   \n",
       "4  105   98  335  300  364  329  350  482  166  125  ...   73  159    2  189   \n",
       "5   65   78  126  297  233  289  231  295  319  490  ...   50  298  229   50   \n",
       "6  396   38  306  325  208  479  475   65  493  343  ...   70   88  100  351   \n",
       "7  155  232  443  244  246  184  438   74  414   89  ...  171  140  232  348   \n",
       "8   72   99  233   11  240  373  314  294  284  442  ...   16  201  359  167   \n",
       "9  466  157  208  486   73   22  303   53  348  317  ...  350  296  296    3   \n",
       "\n",
       "    44   45   46   47   48   49  \n",
       "0  304  381  251  304  135  187  \n",
       "1  202   15  347   49  213   42  \n",
       "2  242  312  285    9  382  101  \n",
       "3  212   82  469  452  328  164  \n",
       "4  206  499  363  196  225   90  \n",
       "5   16  204   34  483  213  275  \n",
       "6   63   61  494  483  398   33  \n",
       "7  413  225  429  496   28  266  \n",
       "8   32  227  118  342   40  339  \n",
       "9   50  106  358   84   37  209  \n",
       "\n",
       "[10 rows x 50 columns]"
      ]
     },
     "execution_count": 16,
     "metadata": {},
     "output_type": "execute_result"
    }
   ],
   "source": [
    "#Load to a dataframe\n",
    "df = pd.DataFrame (arr)\n",
    "df"
   ]
  },
  {
   "cell_type": "code",
   "execution_count": 19,
   "metadata": {},
   "outputs": [
    {
     "name": "stdout",
     "output_type": "stream",
     "text": [
      "\n",
      "Sum of array :  115983\n",
      "\n",
      "Sum of array(axis = 0) :  [2294 1661 2687 2530 2101 2707 3018 1853 3222 3362 3743 1960 2131 1868\n",
      " 2626 2573 2465 2127 2453 2076 2136 2664 3506 2500 1786 2443 2391 2034\n",
      " 1976 1874 2268 2063 2543 2152 2210 2005 1536 1809 1663 2410 2040 2180\n",
      " 2018 2716 1740 2112 3148 2898 1999 1706]\n",
      "\n",
      "Sum of arrary(axis = 1) :  [12449 11865 11020 11827 10131 10126 12981 12233 11888 11463]\n",
      "\n",
      "Sum of array (keepdimension is True): \n",
      " [[12449]\n",
      " [11865]\n",
      " [11020]\n",
      " [11827]\n",
      " [10131]\n",
      " [10126]\n",
      " [12981]\n",
      " [12233]\n",
      " [11888]\n",
      " [11463]]\n"
     ]
    }
   ],
   "source": [
    "#Calculating sum of each row and column and entries. \n",
    " \n",
    "\n",
    "print(\"\\nSum of array : \", np.sum(arr))    ## Sum of total array\n",
    "print()\n",
    "print(\"Sum of array(axis = 0) : \", np.sum(arr, axis = 0)) ## Sum of columns\n",
    "print()\n",
    "print(\"Sum of arrary(axis = 1) : \", np.sum(arr, axis = 1))  ##Sum of rows\n",
    "  \n",
    "print(\"\\nSum of array (keepdimension is True): \\n\", \n",
    "      np.sum(arr, axis = 1, keepdims = True)) "
   ]
  },
  {
   "cell_type": "code",
   "execution_count": 23,
   "metadata": {},
   "outputs": [
    {
     "name": "stdout",
     "output_type": "stream",
     "text": [
      "Min of array :  1\n",
      "Max of array :  499\n",
      "Mean of array :  231.966\n",
      "Standard Deviation of array :  143.6321024144672\n"
     ]
    }
   ],
   "source": [
    "#Descriptive statistics of Array\n",
    "\n",
    "print(\"Min of array : \", np.min(arr)) \n",
    "print(\"Max of array : \", np.max(arr)) \n",
    "print(\"Mean of array : \", np.mean(arr)) \n",
    "print(\"Standard Deviation of array : \", np.std(arr))  "
   ]
  },
  {
   "cell_type": "code",
   "execution_count": 29,
   "metadata": {},
   "outputs": [
    {
     "data": {
      "text/plain": [
       "array([[396,  38, 306, 325, 208, 479, 475,  65, 493, 343, 430, 276, 460,\n",
       "        416, 171, 344, 388, 466, 492, 411,   5, 295, 119, 296,  68,  48,\n",
       "        212, 477, 452,  36,  79, 363, 283, 266, 239, 249, 184,  33,  16,\n",
       "        138,  70,  88, 100, 351,  63,  61, 494, 483, 398,  33],\n",
       "       [ 65,  78, 126, 297, 233, 289, 231, 295, 319, 490, 303, 262, 318,\n",
       "        363, 111,  19, 105, 282, 148,  56,   1, 209, 398, 387, 157,  63,\n",
       "        396, 176, 164,  48,  72,  75, 146, 278,  59, 338, 302, 101,  83,\n",
       "        431,  50, 298, 229,  50,  16, 204,  34, 483, 213, 275],\n",
       "       [105,  98, 335, 300, 364, 329, 350, 482, 166, 125, 470, 282,  50,\n",
       "         44, 253, 345, 215, 214, 141,  68, 117, 302, 416,  40, 124,  33,\n",
       "        434, 143,  44,  39,  84, 170, 223, 309, 146, 138,  87, 299, 227,\n",
       "         18,  73, 159,   2, 189, 206, 499, 363, 196, 225,  90],\n",
       "       [ 72,  99, 233,  11, 240, 373, 314, 294, 284, 442, 476, 105,  83,\n",
       "        155, 383, 141,  26, 232, 123, 466, 337, 431, 488, 246, 381, 262,\n",
       "        270,  86, 375,  98, 462, 110, 233, 486, 403,  37, 108,  67, 391,\n",
       "        224,  16, 201, 359, 167,  32, 227, 118, 342,  40, 339],\n",
       "       [300, 119, 434,  41, 175, 301,  57, 239, 214, 381, 353,  48,  27,\n",
       "        141, 280, 206, 485,  13, 457, 136, 494, 431, 483,  49,  86, 457,\n",
       "        496, 210, 130, 308, 173,   5,  74, 439, 255, 450, 138,  14, 306,\n",
       "        480, 146, 114, 441, 411, 202,  15, 347,  49, 213,  42],\n",
       "       [466, 157, 208, 486,  73,  22, 303,  53, 348, 317, 462, 333, 163,\n",
       "        174, 386, 351, 378, 199, 265, 293, 246, 309, 497, 299, 358, 426,\n",
       "        111, 348,   1,  32, 151,  52, 240, 200, 373, 142, 114,  75, 130,\n",
       "        133, 350, 296, 296,   3,  50, 106, 358,  84,  37, 209],\n",
       "       [448, 230, 350, 375, 146, 382,  95, 166, 330, 346, 459, 167, 188,\n",
       "        126, 210, 134, 180, 146, 355, 171, 178, 338, 228, 457, 411, 166,\n",
       "        114, 187, 213, 208, 268,  89, 168,   2, 185, 165, 329, 297,  27,\n",
       "         44, 456, 200, 154, 232, 212,  82, 469, 452, 328, 164],\n",
       "       [155, 232, 443, 244, 246, 184, 438,  74, 414,  89,  54, 161, 265,\n",
       "         81, 168, 439, 257,  82, 247, 148, 171,  55, 287, 277,  69, 474,\n",
       "        291, 208, 398, 272, 352, 365, 395,  23, 379, 240,  73, 270, 148,\n",
       "        317, 171, 140, 232, 348, 413, 225, 429, 496,  28, 266],\n",
       "       [255, 273, 113,  77, 133,  55, 335, 117, 390, 456, 394,  25,  78,\n",
       "        104, 235, 391,  94, 229,  61, 127, 468,  94, 421,  71,  69,  38,\n",
       "         46,   8, 132, 436, 412, 437, 427,  95,  95, 140,  15, 476, 316,\n",
       "        181, 336, 487,  55, 492, 242, 312, 285,   9, 382, 101],\n",
       "       [ 32, 337, 139, 374, 283, 293, 420,  68, 264, 373, 342, 301, 499,\n",
       "        264, 429, 203, 337, 264, 164, 200, 119, 200, 169, 378,  63, 476,\n",
       "         21, 191,  67, 397, 215, 397, 354,  54,  76, 106, 186, 177,  19,\n",
       "        444, 372, 197, 150, 473, 304, 381, 251, 304, 135, 187]])"
      ]
     },
     "execution_count": 29,
     "metadata": {},
     "output_type": "execute_result"
    }
   ],
   "source": [
    "#Sorting the array by column \n",
    "x =arr[arr[:, 1].argsort()] # Sorted by column\n",
    "x"
   ]
  },
  {
   "cell_type": "code",
   "execution_count": 31,
   "metadata": {},
   "outputs": [
    {
     "data": {
      "text/plain": [
       "array([[397, 264, 177, 381, 499, 374, 187, 301, 304, 378, 420, 354,  63,\n",
       "        197, 337,  67, 200, 186, 264, 372, 215, 283, 304, 203, 191, 135,\n",
       "        264,  68,  76, 429,  32, 293,  19, 397, 251, 342, 373, 473, 200,\n",
       "        139,  54, 150, 106, 164, 476, 444, 169, 337, 119,  21],\n",
       "       [  5,  13,  14,  15,  27,  41,  42,  48,  49,  49,  57,  74,  86,\n",
       "        114, 119, 130, 136, 138, 141, 146, 173, 175, 202, 206, 210, 213,\n",
       "        214, 239, 255, 280, 300, 301, 306, 308, 347, 353, 381, 411, 431,\n",
       "        434, 439, 441, 450, 457, 457, 480, 483, 485, 494, 496],\n",
       "       [437, 229, 476, 312,  78,  77, 101,  25,   9,  71, 335, 427,  69,\n",
       "        487, 273, 132, 127,  15, 104, 336, 412, 133, 242, 391,   8, 382,\n",
       "        390, 117,  95, 235, 255,  55, 316, 436, 285, 394, 456, 492,  94,\n",
       "        113,  95,  55, 140,  61,  38, 181, 421,  94, 468,  46],\n",
       "       [ 89, 146, 297,  82, 188, 375, 164, 167, 452, 457,  95, 168, 411,\n",
       "        200, 230, 213, 171, 329, 126, 456, 268, 146, 212, 134, 187, 328,\n",
       "        330, 166, 185, 210, 448, 382,  27, 208, 469, 459, 346, 232, 338,\n",
       "        350,   2, 154, 165, 355, 166,  44, 228, 180, 178, 114],\n",
       "       [170, 214, 299, 499,  50, 300,  90, 282, 196,  40, 350, 223, 124,\n",
       "        159,  98,  44,  68,  87,  44,  73,  84, 364, 206, 345, 143, 225,\n",
       "        166, 482, 146, 253, 105, 329, 227,  39, 363, 470, 125, 189, 302,\n",
       "        335, 309,   2, 138, 141,  33,  18, 416, 215, 117, 434],\n",
       "       [ 75, 282, 101, 204, 318, 297, 275, 262, 483, 387, 231, 146, 157,\n",
       "        298,  78, 164,  56, 302, 363,  50,  72, 233,  16,  19, 176, 213,\n",
       "        319, 295,  59, 111,  65, 289,  83,  48,  34, 303, 490,  50, 209,\n",
       "        126, 278, 229, 338, 148,  63, 431, 398, 105,   1, 396],\n",
       "       [363, 466,  33,  61, 460, 325,  33, 276, 483, 296, 475, 283,  68,\n",
       "         88,  38, 452, 411, 184, 416,  70,  79, 208,  63, 344, 477, 398,\n",
       "        493,  65, 239, 171, 396, 479,  16,  36, 494, 430, 343, 351, 295,\n",
       "        306, 266, 100, 249, 492,  48, 138, 119, 388,   5, 212],\n",
       "       [365,  82, 270, 225, 265, 244, 266, 161, 496, 277, 438, 395,  69,\n",
       "        140, 232, 398, 148,  73,  81, 171, 352, 246, 413, 439, 208,  28,\n",
       "        414,  74, 379, 168, 155, 184, 148, 272, 429,  54,  89, 348,  55,\n",
       "        443,  23, 232, 240, 247, 474, 317, 287, 257, 171, 291],\n",
       "       [110, 232,  67, 227,  83,  11, 339, 105, 342, 246, 314, 233, 381,\n",
       "        201,  99, 375, 466, 108, 155,  16, 462, 240,  32, 141,  86,  40,\n",
       "        284, 294, 403, 383,  72, 373, 391,  98, 118, 476, 442, 167, 431,\n",
       "        233, 486, 359,  37, 123, 262, 224, 488,  26, 337, 270],\n",
       "       [ 52, 199,  75, 106, 163, 486, 209, 333,  84, 299, 303, 240, 358,\n",
       "        296, 157,   1, 293, 114, 174, 350, 151,  73,  50, 351, 348,  37,\n",
       "        348,  53, 373, 386, 466,  22, 130,  32, 358, 462, 317,   3, 309,\n",
       "        208, 200, 296, 142, 265, 426, 133, 497, 378, 246, 111]])"
      ]
     },
     "execution_count": 31,
     "metadata": {},
     "output_type": "execute_result"
    }
   ],
   "source": [
    "y = arr [ :, arr[1].argsort()] #Sorted by row\n",
    "y"
   ]
  },
  {
   "cell_type": "code",
   "execution_count": null,
   "metadata": {},
   "outputs": [],
   "source": []
  }
 ],
 "metadata": {
  "kernelspec": {
   "display_name": "Python 3",
   "language": "python",
   "name": "python3"
  },
  "language_info": {
   "codemirror_mode": {
    "name": "ipython",
    "version": 3
   },
   "file_extension": ".py",
   "mimetype": "text/x-python",
   "name": "python",
   "nbconvert_exporter": "python",
   "pygments_lexer": "ipython3",
   "version": "3.7.4"
  }
 },
 "nbformat": 4,
 "nbformat_minor": 2
}
